1.453500 -4.184000 1.570796

1.453500 -4.184000 1.570796

1.453500 -4.184000 1.570796

1.453500 -4.184000 1.570796

1.453500 -4.184000 1.570796

1.453500 -4.184000 1.570796

1.453500 -4.184000 1.570796

1.453500 -4.184000 1.570796

1.453500 -4.184000 1.570796

1.453500 -4.184000 1.570796

1.453500 -4.184000 1.570796

1.453500 -4.184000 1.570796

1.453500 -4.184000 1.570796

1.453500 -4.184000 1.570796

1.453500 -4.169999 1.570795

1.453500 -4.155997 1.570794

1.453500 -4.127995 1.570792

1.453500 -4.101392 1.570789

1.453500 -4.048186 1.570785

1.453500 -4.021584 1.570783

1.453500 -3.987980 1.570780

1.453500 -3.941775 1.570776

1.453500 -3.915173 1.570773

1.453500 -3.861498 1.570768

1.453500 -3.834895 1.570763

1.453500 -3.781408 1.570753

1.453500 -3.727639 1.570742

1.453500 -3.673766 1.570727

1.453500 -3.640161 1.570717

1.453500 -3.593204 1.570701

1.453500 -3.539069 1.570679

1.453500 -3.485395 1.570652

1.453500 -3.431720 1.570624

1.453500 -3.371278 1.570594

1.453500 -3.324404 1.570567

1.453593 -3.277392 1.570536

1.453593 -3.217009 1.570495

1.453593 -3.163101 1.570459

1.453593 -3.129672 1.570436

1.453593 -3.055812 1.570386

1.453681 -3.028858 1.570367

1.453681 -2.954823 1.570317

1.453681 -2.894439 1.570276

1.453768 -2.847533 1.570244

1.453768 -2.787325 1.570203

1.453768 -2.733767 1.570166

1.453856 -2.680210 1.570130

1.453856 -2.606217 1.570083

1.453964 -2.552362 1.570054

1.453964 -2.498507 1.570024

1.453964 -2.437959 1.569996

1.454104 -2.384315 1.569974

1.454104 -2.317298 1.569959

1.454104 -2.265021 1.569953

1.454104 -2.209952 1.569948

1.454115 -2.156214 1.569955

1.454115 -2.102464 1.569973

1.454296 -2.041644 1.569992

1.454296 -1.981173 1.570021

1.454404 -1.900551 1.570066

1.454404 -1.846854 1.570096

1.454404 -1.799843 1.570130

1.454478 -1.739251 1.570178

1.454478 -1.685464 1.570222

1.454549 -1.604630 1.570290

1.454549 -1.550633 1.570342

1.454609 -1.496693 1.570396

1.454609 -1.422683 1.570474

1.454609 -1.362149 1.570538

1.454665 -1.308340 1.570595

1.454665 -1.241080 1.570667

1.454665 -1.187272 1.570724

1.454665 -1.140190 1.570774

1.454665 -1.072930 1.570845

1.454665 -1.019121 1.570903

1.454665 -0.951861 1.570974

1.454665 -0.904739 1.571023

1.454605 -0.837257 1.571088

1.454605 -0.783242 1.571140

1.454605 -0.749483 1.571172

1.454537 -0.682287 1.571235

1.454537 -0.628420 1.571280

1.454537 -0.581283 1.571318

1.454463 -0.500537 1.571382

1.454463 -0.447077 1.571417

1.454373 -0.400120 1.571448

1.454373 -0.359813 1.571474

1.454373 -0.299474 1.571509

1.454225 -0.245566 1.571533

1.454225 -0.204781 1.571550

1.454225 -0.143768 1.571573

1.454225 -0.103423 1.571583

1.454225 -0.056982 1.571595

1.453993 -0.010077 1.571607

1.453993 0.050260 1.571620

1.453993 0.095772 1.571624

1.453993 0.134790 1.571625

1.453993 0.180314 1.571627

1.453993 0.225923 1.571627

1.453993 0.259342 1.571621

1.453993 0.299669 1.571612

1.453713 0.339995 1.571604

1.453713 0.366879 1.571598

1.453713 0.407206 1.571589

1.453713 0.447532 1.571581

1.453713 0.481138 1.571573

1.453713 0.528389 1.571559

1.453713 0.555407 1.571544

1.453605 0.589012 1.571526

1.453605 0.635759 1.571500

1.453605 0.662686 1.571485

1.453605 0.689757 1.571471

1.453605 0.723362 1.571454

1.453488 0.750433 1.571440

1.453488 0.797340 1.571416

1.453488 0.824268 1.571401

1.453488 0.851196 1.571386

1.453488 0.884586 1.571368

1.453488 0.925085 1.571345

1.453381 0.958691 1.571327

1.453381 0.985618 1.571312

1.453381 1.012331 1.571297

1.453381 1.039134 1.571281

1.453381 1.066019 1.571264

1.453381 1.092903 1.571247

1.453381 1.119788 1.571230

1.453381 1.133230 1.571221

1.453287 1.153393 1.571208

1.453287 1.173556 1.571195

1.453287 1.200441 1.571178

1.453287 1.200441 1.571178

1.453287 1.220564 1.571166

1.453287 1.227365 1.571162

1.453287 1.227365 1.571162

1.453287 1.227365 1.571162

1.453287 1.227365 1.571162

1.453287 1.227365 1.571162

1.453287 1.227365 1.571162

1.453287 1.227365 1.571162

1.453287 1.227365 1.571162

1.453287 1.227365 1.571162

1.453287 1.227365 1.571162

1.453287 1.227365 1.571162

1.453287 1.227365 1.571162

1.453287 1.227365 1.571162

1.453287 1.227365 1.571162

1.453287 1.227365 1.571162

1.453287 1.227365 1.571162

1.453287 1.227365 1.571162

1.453287 1.227365 1.571162

1.453287 1.227365 1.571162

1.453287 1.227365 1.571162

1.453287 1.227365 1.571162

1.453287 1.227365 1.571162

1.453287 1.227365 1.571162

1.453287 1.227365 1.571162

1.453287 1.227365 1.571162

1.453287 1.227365 1.571162

1.453287 1.227365 1.571162

1.453287 1.227365 1.571162

1.453287 1.227365 1.571162

1.453287 1.227365 1.571162

1.453287 1.227365 1.571162

1.453287 1.227365 1.571162

1.453287 1.227365 1.571162

1.453287 1.227365 1.571162

1.453287 1.227365 1.571162

1.453287 1.227365 1.571162

1.453287 1.227365 1.571162

1.453287 1.227365 1.571162

1.453287 1.227365 1.571162

1.453287 1.227365 1.571162

1.453287 1.227365 1.571162

1.453287 1.227365 1.571162

1.453287 1.227365 1.571162

1.453287 1.227365 1.571162

1.453287 1.227365 1.571162

1.453287 1.227365 1.571162

1.453287 1.227365 1.571162

1.453287 1.227365 1.571162

1.453287 1.227365 1.571162

1.453287 1.227365 1.571162

1.453287 1.227365 1.571162

1.453287 1.227365 1.571162

1.453287 1.227365 1.571162

1.453287 1.227365 1.571162

1.453287 1.227365 1.571162

1.453287 1.227365 1.571162

1.453287 1.227365 1.571162

1.453287 1.227365 1.571162

1.453287 1.227365 1.571162

1.453287 1.227365 1.571162

1.453287 1.227365 1.571162

1.453287 1.227365 1.571162

1.453287 1.227365 1.571162

1.453287 1.227365 1.571162

1.453287 1.227365 1.571162

1.453287 1.227365 1.571162

1.453287 1.227365 1.571162

1.453287 1.227365 1.571162

0.000000 0.000000 0.000000

0.000000 0.000000 0.000000

1.453500 1.486000 1.570796

1.453500 1.486000 1.570796

1.453500 1.486000 1.570796

1.453500 1.486000 1.570796

1.453500 1.486000 1.570796

1.453500 1.486000 1.570796

1.453500 1.486000 1.570796

1.453500 1.486000 1.570796

1.453500 1.486000 1.570796

1.453500 1.486000 1.570796

1.453500 1.486000 1.570796

1.453500 1.486000 1.570796

1.453500 1.486000 1.570796

1.453500 1.486000 1.570796

1.453500 1.486000 1.570796

1.453500 1.486000 1.570796

1.453500 1.486000 1.570796

1.453500 1.486000 1.570796

1.453500 1.486000 1.570796

1.453500 1.486000 1.570796

1.453510 1.459127 1.571558

1.453531 1.438809 1.572138

1.453565 1.418511 1.572717

1.453627 1.391632 1.573493

1.453734 1.358188 1.574461

1.453873 1.324761 1.575423

1.454204 1.264152 1.577145

1.454385 1.237284 1.577880

1.454743 1.190349 1.578940

1.455322 1.123090 1.579823

1.455811 1.069275 1.580135

1.456350 1.008707 1.580233

1.456746 0.961932 1.580191

1.457187 0.914938 1.580083

1.457788 0.847694 1.579850

1.458096 0.814038 1.579700

1.458568 0.760243 1.579414

1.459077 0.699744 1.579053

1.459509 0.645965 1.578690

1.460027 0.578705 1.578178

1.460457 0.518133 1.577597

1.460763 0.471139 1.576956

1.461072 0.417350 1.576154

1.461275 0.377017 1.575529

1.461480 0.329874 1.574803

1.461697 0.269443 1.573908

1.461795 0.235893 1.573437

1.461903 0.188760 1.572813

1.461975 0.148420 1.572313

1.462026 0.108077 1.571844

1.462064 0.054287 1.571257

1.462076 0.020714 1.570916

1.462070 -0.019634 1.570521

1.462063 -0.039862 1.570337

1.462043 -0.073440 1.570038

1.462007 -0.113790 1.569702

1.461962 -0.147446 1.569432

1.461906 -0.187806 1.569135

1.461872 -0.207955 1.568990

1.461802 -0.241608 1.568763

1.461737 -0.275208 1.568547

1.461668 -0.302110 1.568384

1.461605 -0.329015 1.568232

1.461530 -0.355916 1.568081

1.461436 -0.389496 1.567911

1.461375 -0.409688 1.567813

1.461294 -0.436569 1.567694

1.461211 -0.463472 1.567577

1.461121 -0.490396 1.567470

1.461015 -0.524006 1.567338

1.460932 -0.544188 1.567266

1.460827 -0.577814 1.567151

1.460715 -0.604694 1.567065

1.460615 -0.631632 1.566985

1.460512 -0.658480 1.566907

1.460417 -0.685358 1.566840

1.460299 -0.712225 1.566772

1.460118 -0.759350 1.566663

1.460033 -0.779577 1.566621

1.459918 -0.806414 1.566565

1.459778 -0.840052 1.566508

1.459669 -0.866968 1.566464

1.459544 -0.893958 1.566426

1.459400 -0.927704 1.566385

1.459293 -0.947842 1.566362

1.459134 -0.981255 1.566337

1.459055 -1.001476 1.566322

1.458961 -1.028510 1.566305

1.458829 -1.048400 1.566296

1.458630 -1.082095 1.566286

1.458630 -1.108187 1.566283

1.458478 -1.141811 1.566283

1.458387 -1.168903 1.566283

1.458233 -1.189501 1.566289

1.458095 -1.222981 1.566303

1.457980 -1.250018 1.566316

1.457893 -1.276974 1.566334

1.457807 -1.303951 1.566353

1.457581 -1.344428 1.566385

1.457528 -1.357884 1.566400

1.457366 -1.398094 1.566444

1.457263 -1.425004 1.566476

1.457168 -1.438552 1.566493

1.457026 -1.479020 1.566544

1.456944 -1.499203 1.566574

1.456828 -1.519417 1.566605

1.456713 -1.553082 1.566657

1.456637 -1.573297 1.566689

1.456523 -1.593446 1.566720

1.456425 -1.620383 1.566769

1.456361 -1.640588 1.566806

1.456232 -1.667550 1.566856

1.456136 -1.694448 1.566906

1.456043 -1.721355 1.566958

1.455923 -1.748303 1.567012

1.455833 -1.775190 1.567065

1.455743 -1.795401 1.567105

1.455684 -1.815594 1.567146

1.455545 -1.849185 1.567218

1.455490 -1.869384 1.567262

1.455379 -1.896279 1.567320

1.455297 -1.923175 1.567378

1.455214 -1.950125 1.567436

1.455105 -1.976981 1.567495

1.454997 -2.017246 1.567584

1.454893 -2.044133 1.567645

1.454840 -2.064337 1.567691

1.454736 -2.097959 1.567768

1.454658 -2.124846 1.567829

1.454579 -2.151733 1.567891

1.454501 -2.178620 1.567952

1.454397 -2.218976 1.568044

1.454318 -2.245916 1.568106

1.454242 -2.272795 1.568169

1.454141 -2.306351 1.568248

1.454066 -2.339908 1.568328

1.454015 -2.366823 1.568391

1.453915 -2.400480 1.568471

1.453839 -2.434137 1.568551

1.453814 -2.454282 1.568598

1.453737 -2.487895 1.568677

1.453660 -2.514796 1.568739

1.453609 -2.541698 1.568802

1.453558 -2.568548 1.568864

1.453507 -2.595449 1.568927

1.453481 -2.608874 1.568958

1.453430 -2.649251 1.569052

1.453378 -2.676146 1.569114

1.453325 -2.703017 1.569174

1.453272 -2.729889 1.569234

1.453245 -2.756761 1.569295

1.453192 -2.797096 1.569385

1.453165 -2.817263 1.569430

1.453111 -2.844142 1.569489

1.453083 -2.877733 1.569561

1.453055 -2.897949 1.569604

1.453026 -2.931605 1.569675

1.452998 -2.958541 1.569732

1.452969 -2.972030 1.569760

1.452939 -3.005655 1.569826

1.452909 -3.032526 1.569878

1.452878 -3.059397 1.569931

1.452846 -3.093084 1.569995

1.452846 -3.106598 1.570020

1.452813 -3.133477 1.570069

1.452813 -3.167076 1.570130

1.452780 -3.193956 1.570178

1.452780 -3.227505 1.570236

1.452745 -3.247725 1.570270

1.452745 -3.274686 1.570315

1.452745 -3.288166 1.570338

1.452707 -3.321818 1.570392

1.452707 -3.341978 1.570422

1.452707 -3.368857 1.570463

1.452707 -3.402457 1.570513

1.452707 -3.422616 1.570544

1.452667 -3.456263 1.570593

1.452667 -3.489986 1.570639

1.452667 -3.510220 1.570667

1.452667 -3.543909 1.570712

1.452667 -3.557362 1.570729

1.452667 -3.584269 1.570762

1.452667 -3.604402 1.570787

1.452667 -3.631309 1.570821

1.452667 -3.651541 1.570844

1.452667 -3.671655 1.570867

1.452667 -3.685158 1.570881

1.452667 -3.712164 1.570910

1.452667 -3.718851 1.570917

1.452667 -3.738912 1.570938

1.452667 -3.759088 1.570959

1.452667 -3.765775 1.570966

1.452667 -3.792638 1.570994

1.452667 -3.799325 1.571001

1.452667 -3.819480 1.571021

1.452667 -3.832992 1.571033

1.452733 -3.846431 1.571046

1.452733 -3.866591 1.571064

1.452733 -3.880103 1.571076

1.452733 -3.893542 1.571088

1.452733 -3.900262 1.571095

1.452733 -3.920422 1.571113

1.452733 -3.927121 1.571118

1.452733 -3.927121 1.571118

1.452733 -3.927121 1.571118

1.452733 -3.933885 1.571123

1.452733 -3.933885 1.571123

1.452733 -3.933885 1.571123

1.452733 -3.933885 1.571123

1.452733 -3.933885 1.571123

1.452733 -3.933885 1.571123

1.452733 -3.933885 1.571123

1.452733 -3.933885 1.571123

1.452733 -3.933885 1.571123

1.452733 -3.933885 1.571123

1.452733 -3.933885 1.571123

1.452733 -3.933885 1.571123

1.452733 -3.933885 1.571123

1.452733 -3.933885 1.571123

1.452733 -3.933885 1.571123

1.452733 -3.933885 1.571123

1.452733 -3.933885 1.571123

1.452733 -3.933885 1.571123

1.452733 -3.933885 1.571123

1.452733 -3.933885 1.571123

1.452733 -3.933885 1.571123

1.452733 -3.933885 1.571123

1.452733 -3.933885 1.571123

1.452733 -3.933885 1.571123

1.452733 -3.933885 1.571123

1.452733 -3.933885 1.571123

1.452733 -3.933885 1.571123

1.452733 -3.933885 1.571123

1.452733 -3.933885 1.571123

1.452733 -3.933885 1.571123

1.452733 -3.933885 1.571123

1.452733 -3.933885 1.571123

1.452733 -3.933885 1.571123

1.452733 -3.933885 1.571123

1.452733 -3.933885 1.571123

1.452733 -3.933885 1.571123

1.452733 -3.933885 1.571123

1.452733 -3.933885 1.571123

1.452733 -3.933885 1.571123

1.452733 -3.933885 1.571123

1.452733 -3.933885 1.571123

1.452733 -3.933885 1.571123

1.452733 -3.933885 1.571123

1.452733 -3.933885 1.571123

1.452733 -3.933885 1.571123

1.452733 -3.933885 1.571123

1.452733 -3.933885 1.571123

1.452733 -3.933885 1.571123

1.452733 -3.933885 1.571123

1.452733 -3.933885 1.571123

1.452733 -3.933885 1.571123

1.452733 -3.933885 1.571123

1.452733 -3.933885 1.571123

1.452733 -3.933885 1.571123

1.452733 -3.933885 1.571123

1.452733 -3.933885 1.571123

1.452733 -3.933885 1.571123

1.452733 -3.933885 1.571123

1.452733 -3.933885 1.571123

1.452733 -3.933885 1.571123

1.452733 -3.933885 1.571123

1.452733 -3.933885 1.571123

1.452733 -3.933885 1.571123

1.452733 -3.933885 1.571123

1.452733 -3.933885 1.571123

1.452733 -3.933885 1.571123

1.452733 -3.933885 1.571123

0.000000 0.000000 0.000000

0.000000 0.000000 0.000000

1.166037 -3.833856 1.547179

1.166037 -3.833856 1.547179

1.166037 -3.833856 1.547179

1.166037 -3.833856 1.547179

1.166037 -3.833856 1.547179

1.166037 -3.833856 1.547179

1.166037 -3.833856 1.547179

1.166037 -3.833856 1.547179

1.166037 -3.833856 1.547179

1.166037 -3.833856 1.547179

1.166037 -3.833856 1.547179

1.166037 -3.833856 1.547179

1.166037 -3.833856 1.547179

1.166037 -3.833856 1.547179

1.166158 -3.828593 1.548216

1.166158 -3.828593 1.548216

1.166396 -3.817536 1.550404

1.166727 -3.799763 1.553934

1.144743 -3.106706 1.613479

1.143911 -3.086941 1.612173

1.143111 -3.067299 1.610875

1.142305 -3.046849 1.609532

1.141061 -3.013811 1.607369

1.140105 -2.987062 1.605624

1.139196 -2.960312 1.603897

1.137517 -2.906806 1.600456

1.136568 -2.873649 1.598359

1.135339 -2.826521 1.595417

1.134413 -2.787007 1.593012

1.133556 -2.746204 1.590590

1.132818 -2.706642 1.588304

1.131965 -2.653087 1.585094

1.131305 -2.599619 1.581021

1.131018 -2.566721 1.577918

1.130841 -2.534150 1.574535

1.130793 -2.481071 1.568858

1.130993 -2.435340 1.563989

1.131211 -2.408775 1.561235

1.131862 -2.355623 1.555870

1.132517 -2.316749 1.552055

1.133050 -2.290166 1.549441

1.134326 -2.237009 1.544142

1.135884 -2.183857 1.538857

1.137721 -2.130706 1.533647

1.138986 -2.098065 1.530505

1.140360 -2.065229 1.527403

1.142802 -2.012033 1.522487

1.144432 -1.979322 1.519537

1.146167 -1.946439 1.516618

1.148811 -1.899480 1.512529

1.151153 -1.860443 1.509187

1.154153 -1.813349 1.505210

1.156830 -1.773596 1.501900

1.160110 -1.727346 1.498096

1.162077 -1.700735 1.495922

1.165618 -1.654680 1.492203

1.167743 -1.628065 1.490076

1.171569 -1.581822 1.486402

1.174454 -1.548247 1.483737

1.178574 -1.502027 1.480083

1.182250 -1.462297 1.476947

1.185388 -1.429419 1.474352

1.190642 -1.376273 1.470155

1.193990 -1.343544 1.467567

1.198941 -1.296602 1.463833

1.201820 -1.270060 1.461710

1.206149 -1.231102 1.458558

1.212243 -1.178072 1.454211

1.215375 -1.151574 1.452009

1.220932 -1.105766 1.448161

1.224224 -1.079297 1.445908

1.229279 -1.039582 1.442488

1.233542 -1.006910 1.439625

1.238814 -0.967475 1.436116

1.245123 -0.921631 1.431974

1.250718 -0.882115 1.428343

1.255413 -0.849727 1.425330

1.261306 -0.810016 1.421588

1.267282 -0.770762 1.417831

1.274423 -0.725119 1.413369

1.279746 -0.691935 1.410056

1.286036 -0.653613 1.406152

1.290427 -0.627408 1.403438

1.299419 -0.575059 1.397897

1.306159 -0.536928 1.393780

1.314530 -0.490813 1.388689

1.320509 -0.458673 1.385064

1.329032 -0.413955 1.379760

1.336675 -0.374938 1.374928

1.344463 -0.336184 1.370009

1.354930 -0.285600 1.363502

1.363155 -0.246977 1.358487

1.370008 -0.215496 1.354391

1.381517 -0.163975 1.347655

1.393371 -0.112541 1.340893

1.399429 -0.086854 1.337499

1.408370 -0.049634 1.332556

1.422405 0.007217 1.324970

1.430370 0.038681 1.320728

1.440149 0.076561 1.315578

1.453632 0.127504 1.308545

1.463619 0.164331 1.303396

1.474276 0.202821 1.297935

1.484891 0.240363 1.292542

1.499525 0.290885 1.285160

1.510337 0.327336 1.279755

1.523365 0.370326 1.273277

1.535064 0.408089 1.267486

1.544769 0.438842 1.262712

1.558492 0.481473 1.255996

1.574919 0.531246 1.248050

1.587008 0.567049 1.242261

1.599605 0.603647 1.236292

1.614671 0.646506 1.229236

1.625830 0.677641 1.224053

1.645420 0.731101 1.215062

1.661090 0.772824 1.207971

1.677684 0.816053 1.200550

1.689367 0.845923 1.195374

1.707899 0.892390 1.187254

1.727639 0.940713 1.178706

1.742092 0.975362 1.172512

1.762526 1.023343 1.163830

1.775098 1.052299 1.158547

1.798612 1.105361 1.148757

1.814453 1.140335 1.142245

1.830112 1.174321 1.135856

1.852257 1.221433 1.126917

1.874815 1.268324 1.117901

1.899346 1.318122 1.108197

1.922756 1.364531 1.099046

1.949090 1.415508 1.088865

1.966470 1.448467 1.082220

1.991052 1.494197 1.072891

2.012236 1.532802 1.064946

2.040242 1.582746 1.054530

2.062103 1.620903 1.046503

2.084809 1.659795 1.038221

2.107270 1.697555 1.030126

2.134151 1.741848 1.020525

2.153664 1.773410 1.013636

2.184134 1.821744 1.002973

2.207873 1.858623 0.994764

2.228164 1.889627 0.987798

2.253888 1.928265 0.979036

2.281484 1.968915 0.969743

2.310945 2.011431 0.959921

2.328904 2.036918 0.953991

2.350415 2.067028 0.946943

2.380831 2.108852 0.937091

2.402845 2.138592 0.930035

2.422426 2.164678 0.923801

2.448947 2.199481 0.915440

2.476488 2.234992 0.906854

2.495764 2.259478 0.900899

2.523076 2.293664 0.892538

2.555720 2.333769 0.882676

2.567120 2.347586 0.879262

2.595930 2.382083 0.870694

2.624272 2.415442 0.862357

2.644630 2.439060 0.856431

2.668982 2.466944 0.849405

2.703343 2.505627 0.839615

2.720664 2.524842 0.834722

2.753832 2.561115 0.825451

2.789122 2.598981 0.815717

2.810933 2.622018 0.809765

2.832537 2.644569 0.803918

2.850547 2.663168 0.799076

2.881278 2.694495 0.790906

2.899535 2.712865 0.786089

2.925850 2.739036 0.779216

2.944327 2.757199 0.774424

2.975853 2.787791 0.766317

2.998456 2.809422 0.760562

3.017277 2.827246 0.755801

3.036186 2.844982 0.751051

3.063444 2.870257 0.744263

3.082566 2.887784 0.739548

3.101770 2.905220 0.734832

3.125075 2.926160 0.729155

3.144462 2.943398 0.724462

3.158025 2.955362 0.721200

3.177556 2.972452 0.716523

3.197168 2.989453 0.711862

3.210895 3.001257 0.708618

3.225451 3.013691 0.705190

3.245265 3.030478 0.700556

3.259135 3.042135 0.697325

3.279084 3.058768 0.692696

3.289300 3.067226 0.690335

3.293838 3.070970 0.689289

3.303298 3.078749 0.687115

3.313923 3.087445 0.684683

3.323433 3.095192 0.682522

3.328014 3.098912 0.681499

3.328014 3.098912 0.681499

3.328014 3.098912 0.681499

3.328014 3.098912 0.681499

3.328014 3.098912 0.681499

3.328014 3.098912 0.681499

3.328014 3.098912 0.681499

3.328014 3.098912 0.681499

3.328014 3.098912 0.681499

3.328014 3.098912 0.681499

3.328014 3.098912 0.681499

3.328014 3.098912 0.681499

3.328014 3.098912 0.681499

3.328014 3.098912 0.681499

3.328014 3.098912 0.681499

3.328014 3.098912 0.681499

3.328014 3.098912 0.681499

3.328014 3.098912 0.681499

3.328014 3.098912 0.681499

3.328014 3.098912 0.681499

3.328014 3.098912 0.681499

3.328014 3.098912 0.681499

3.328014 3.098912 0.681499

3.328014 3.098912 0.681499

3.328014 3.098912 0.681499

3.328014 3.098912 0.681499

3.328014 3.098912 0.681499

3.328014 3.098912 0.681499

3.328014 3.098912 0.681499

3.328014 3.098912 0.681499

3.328014 3.098912 0.681499

3.328014 3.098912 0.681499

3.328014 3.098912 0.681499

3.328014 3.098912 0.681499

3.321906 3.093965 0.680089

3.307817 3.082608 0.676838

3.299024 3.075558 0.674808

3.278721 3.059391 0.670133

3.258348 3.043323 0.665451

3.237900 3.027351 0.660756

3.213105 3.008190 0.655086

3.178090 2.981511 0.647120

3.136545 2.950423 0.637718

3.106620 2.928405 0.630898

3.064626 2.898036 0.621329

3.028825 2.872626 0.613177

2.987505 2.843839 0.603809

2.951274 2.819066 0.595647

2.914841 2.794590 0.587486

2.871584 2.766083 0.577868

2.823533 2.735110 0.567275

2.792157 2.715270 0.560413

2.748126 2.687932 0.550853

2.700985 2.659303 0.540686

2.656412 2.632832 0.531161

2.606930 2.604111 0.520659

2.568704 2.582395 0.512607

2.546079 2.569732 0.507863

2.486045 2.536811 0.495339

2.452016 2.518580 0.488296

2.412137 2.497607 0.480079

2.368250 2.475004 0.471080

2.321916 2.451680 0.461638

2.282444 2.432240 0.453640

2.230845 2.407414 0.443230

2.183871 2.385385 0.433816

2.150066 2.369863 0.427069

2.102742 2.348595 0.417659

2.057496 2.328758 0.408709

2.028265 2.316198 0.402949

1.975458 2.294010 0.392577

1.916974 2.270185 0.381146

1.886526 2.258087 0.375225

1.851855 2.244565 0.368504

1.798303 2.224204 0.358159

1.757006 2.208933 0.350208

1.703089 2.189555 0.339863

1.673057 2.179033 0.334120

1.618833 2.160524 0.323781

1.569547 2.144240 0.314430

1.539252 2.134483 0.308697

1.467270 2.112066 0.295117

1.442420 2.104575 0.290442

1.412358 2.095682 0.284796

1.370041 2.083475 0.276863

1.309172 2.066552 0.265483

1.278896 2.058412 0.259836

1.233897 2.046651 0.251458

1.197813 2.037510 0.244754

1.155041 2.027007 0.236821

1.099268 2.013851 0.226499

1.073963 2.008081 0.221824

1.037624 2.000013 0.215119

0.986862 1.989170 0.205770

0.949472 1.981500 0.198895

0.912958 1.974268 0.192188

0.876397 1.967280 0.185482

0.825337 1.957946 0.176129

0.781947 1.950402 0.168194

0.751025 1.945241 0.162546

0.699766 1.937081 0.153191

0.668300 1.932315 0.147452

0.619373 1.925270 0.138537

0.593662 1.921747 0.133856

0.542194 1.915061 0.124490

0.505251 1.910564 0.117773

0.479474 1.907575 0.113086

0.448323 1.904127 0.107425

0.404529 1.899580 0.099471

0.378704 1.897064 0.094783

0.341650 1.893668 0.088054

0.315799 1.891446 0.083362

0.284562 1.888925 0.077694

0.246037 1.886062 0.070706

0.220152 1.884290 0.066009

0.188880 1.882311 0.060336

0.162979 1.880808 0.055636

0.137072 1.879426 0.050934

0.119024 1.878536 0.047660

0.099914 1.877657 0.044193

0.068609 1.876362 0.038513

0.048068 1.875609 0.034787

0.024625 1.874843 0.030534

0.010888 1.874440 0.028040

-0.001306 1.874112 0.025827

-0.015044 1.873774 0.023335

-0.020435 1.873651 0.022360

-0.020435 1.873651 0.022360

-0.020435 1.873651 0.022360

-0.020435 1.873651 0.022360

-0.020435 1.873651 0.022360

-0.020435 1.873651 0.022360

-0.020435 1.873651 0.022360

-0.020435 1.873651 0.022360

-0.020435 1.873651 0.022360

-0.020435 1.873651 0.022360

-0.020435 1.873651 0.022360

-0.020435 1.873651 0.022360

-0.020435 1.873651 0.022360

-0.020435 1.873651 0.022360

-0.020435 1.873651 0.022360

-0.020435 1.873651 0.022360

-0.020435 1.873651 0.022360

-0.020435 1.873651 0.022360

-0.020435 1.873651 0.022360

-0.020435 1.873651 0.022360

-0.020435 1.873651 0.022360

-0.020435 1.873651 0.022360

-0.020435 1.873651 0.022360

-0.020435 1.873651 0.022360

-0.020435 1.873651 0.022360

-0.020435 1.873651 0.022360

-0.020435 1.873651 0.022360

-0.020435 1.873651 0.022360

-0.014320 1.873786 0.021813

0.006204 1.874215 0.019975

0.018591 1.874455 0.018866

0.045228 1.874927 0.016474

0.071866 1.875333 0.014076

0.098506 1.875676 0.011678

0.138507 1.876072 0.008070

0.151784 1.876171 0.006870

0.184536 1.876348 0.003912

0.224485 1.876433 0.000386

0.244151 1.876424 -0.001298

0.270830 1.876359 -0.003554

0.297508 1.876234 -0.005776

0.304510 1.876192 -0.006356

0.324192 1.876050 -0.007975

0.331194 1.875993 -0.008549

0.337374 1.875939 -0.009050

0.337374 1.875939 -0.009050

0.337374 1.875939 -0.009050

0.337374 1.875939 -0.009050

0.337374 1.875939 -0.009050

0.337374 1.875939 -0.009050

0.337374 1.875939 -0.009050

0.337374 1.875939 -0.009050

0.337374 1.875939 -0.009050

0.337374 1.875939 -0.009050

0.337374 1.875939 -0.009050

0.337374 1.875939 -0.009050

0.337374 1.875939 -0.009050

0.337374 1.875939 -0.009050

0.337374 1.875939 -0.009050

0.337374 1.875939 -0.009050

0.337374 1.875939 -0.009050

0.337374 1.875939 -0.009050

0.337374 1.875939 -0.009050

0.337374 1.875939 -0.009050

0.337374 1.875939 -0.009050

0.337374 1.875939 -0.009050

0.337374 1.875939 -0.009050

0.337374 1.875939 -0.009050

0.337374 1.875939 -0.009050

0.337374 1.875939 -0.009050

0.337374 1.875939 -0.009050

0.337374 1.875939 -0.009050

0.337374 1.875939 -0.009050

0.337374 1.875939 -0.009050

0.337374 1.875939 -0.009050

0.337374 1.875939 -0.009050

0.337374 1.875939 -0.009050

0.337374 1.875939 -0.009050

0.337374 1.875939 -0.009050

0.337374 1.875939 -0.009050

0.337374 1.875939 -0.009050

0.337374 1.875939 -0.009050

0.337374 1.875939 -0.009050

0.337374 1.875939 -0.009050

0.337374 1.875939 -0.009050

0.337374 1.875939 -0.009050

0.337374 1.875939 -0.009050

0.337374 1.875939 -0.009050

0.337374 1.875939 -0.009050

0.337374 1.875939 -0.009050

0.337374 1.875939 -0.009050

0.337374 1.875939 -0.009050

0.337374 1.875939 -0.009050

0.337374 1.875939 -0.009050

0.337374 1.875939 -0.009050

0.337374 1.875939 -0.009050

0.337374 1.875939 -0.009050

0.337374 1.875939 -0.009050

0.337374 1.875939 -0.009050

0.337374 1.875939 -0.009050

0.337374 1.875939 -0.009050

0.337374 1.875939 -0.009050

0.337374 1.875939 -0.009050

0.337374 1.875939 -0.009050

0.337374 1.875939 -0.009050

0.337374 1.875939 -0.009050

0.337374 1.875939 -0.009050

0.337374 1.875939 -0.009050

0.337374 1.875939 -0.009050

0.337374 1.875939 -0.009050

0.337374 1.875939 -0.009050

0.337374 1.875939 -0.009050

0.337374 1.875939 -0.009050

0.337374 1.875939 -0.009050

0.337374 1.875939 -0.009050

0.337374 1.875939 -0.009050


